world: world
author: author1
spawnpoint-seeker:
  X: -93.75801768672811
  Y: 67.0
  Z: 110.04841099234135
  Yaw: 58.650177
  Pitch: 17.74985
  World: world
spawnpoint-hider:
  X: -107.61226519569223
  Y: 65.0
  Z: 114.25708273845869
  Yaw: 53.250458
  Pitch: 18.349848
  World: world